x[1]=-1.000000
x[2]=0.000000
x[3]=1.000000
