x[1]=0.100495
x[2]=0.125899
x[3]=0.089703
