Solutia obtinuta in 9 iteratii cu precizia 0.000100 este:
x[1]=1.000008
x[2]=-0.999996
x[3]=2.999996
