Solutia obtinuta in 20 iteratii cu precizia 0.000100 este:
x[1]=-1.999983
x[2]=-25.999983
x[3]=-25.999983
x[4]=-1.999983
